363.0 163.0
369.0 187.0
372.0 209.0
379.0 228.0
385.0 249.0
394.0 265.0
406.0 277.0
422.0 283.0
447.0 290.0
472.0 283.0
493.0 271.0
512.0 259.0
524.0 240.0
533.0 218.0
537.0 200.0
540.0 175.0
540.0 150.0
369.0 141.0
379.0 135.0
391.0 132.0
400.0 128.0
413.0 132.0
453.0 128.0
465.0 128.0
478.0 128.0
493.0 128.0
506.0 135.0
434.0 153.0
431.0 169.0
431.0 184.0
431.0 197.0
425.0 209.0
428.0 209.0
437.0 212.0
444.0 209.0
453.0 206.0
388.0 156.0
394.0 150.0
403.0 150.0
416.0 153.0
406.0 156.0
394.0 159.0
459.0 153.0
468.0 147.0
478.0 147.0
490.0 150.0
481.0 153.0
468.0 156.0
416.0 240.0
422.0 234.0
431.0 231.0
437.0 231.0
444.0 231.0
456.0 234.0
468.0 237.0
456.0 240.0
447.0 243.0
441.0 243.0
431.0 243.0
425.0 243.0
416.0 240.0
431.0 237.0
441.0 237.0
447.0 237.0
468.0 237.0
447.0 234.0
441.0 234.0
431.0 234.0
