351.0 319.0
351.0 393.0
370.0 458.0
388.0 523.0
407.0 588.0
444.0 671.0
490.0 745.0
546.0 810.0
638.0 847.0
731.0 810.0
787.0 745.0
833.0 671.0
861.0 597.0
888.0 523.0
898.0 458.0
916.0 393.0
926.0 328.0
407.0 356.0
434.0 356.0
481.0 356.0
527.0 375.0
555.0 384.0
703.0 393.0
740.0 384.0
787.0 375.0
824.0 375.0
861.0 366.0
638.0 458.0
638.0 523.0
638.0 569.0
638.0 606.0
583.0 606.0
610.0 616.0
638.0 625.0
666.0 616.0
685.0 606.0
462.0 421.0
490.0 421.0
518.0 421.0
555.0 440.0
527.0 449.0
490.0 449.0
712.0 440.0
740.0 421.0
777.0 421.0
805.0 430.0
777.0 449.0
740.0 449.0
527.0 681.0
564.0 662.0
610.0 653.0
638.0 662.0
666.0 653.0
712.0 662.0
740.0 681.0
712.0 745.0
675.0 773.0
638.0 782.0
592.0 773.0
564.0 745.0
536.0 681.0
601.0 671.0
638.0 671.0
666.0 671.0
731.0 681.0
675.0 736.0
638.0 745.0
601.0 736.0
