402.0 256.0
402.0 283.0
406.0 310.0
410.0 334.0
417.0 361.0
429.0 389.0
449.0 408.0
472.0 432.0
503.0 447.0
535.0 435.0
558.0 412.0
570.0 392.0
582.0 369.0
593.0 346.0
601.0 322.0
609.0 295.0
617.0 267.0
433.0 244.0
449.0 240.0
464.0 240.0
484.0 244.0
496.0 248.0
550.0 248.0
566.0 244.0
582.0 244.0
597.0 244.0
609.0 252.0
523.0 275.0
523.0 299.0
523.0 318.0
523.0 330.0
496.0 334.0
507.0 334.0
519.0 338.0
531.0 338.0
539.0 334.0
453.0 267.0
464.0 267.0
480.0 267.0
492.0 275.0
480.0 275.0
464.0 275.0
550.0 275.0
562.0 271.0
578.0 271.0
585.0 275.0
574.0 283.0
562.0 279.0
464.0 361.0
484.0 353.0
507.0 349.0
515.0 349.0
527.0 349.0
546.0 357.0
554.0 365.0
542.0 392.0
527.0 404.0
511.0 408.0
496.0 404.0
480.0 389.0
468.0 361.0
499.0 357.0
515.0 357.0
531.0 357.0
554.0 365.0
527.0 392.0
511.0 392.0
496.0 392.0
